gaussian_noise: 0.28969999999999996 0.4897 0.6626000000000001 0.7149 0.762
shot_noise: 0.19399999999999995 0.30600000000000005 0.5377000000000001 0.6122000000000001 0.7154
impulse_noise: 0.17669999999999997 0.29410000000000003 0.39570000000000005 0.6194999999999999 0.7995
defocus_blur: 0.07599999999999996 0.09509999999999996 0.1594 0.27349999999999997 0.4978
glass_blur: 0.5143 0.489 0.46309999999999996 0.6008 0.5717
motion_blur: 0.14070000000000005 0.23919999999999997 0.3479 0.34109999999999996 0.44110000000000005
zoom_blur: 0.1734 0.21419999999999995 0.29159999999999997 0.3618 0.47550000000000003
snow: 0.13549999999999995 0.25239999999999996 0.21919999999999995 0.24480000000000002 0.3077
frost: 0.136 0.20420000000000005 0.33699999999999997 0.3628 0.5028
fog: 0.07799999999999996 0.0917 0.11760000000000004 0.16000000000000003 0.35650000000000004
brightness: 0.07599999999999996 0.0786 0.0867 0.09619999999999995 0.12270000000000003
contrast: 0.08340000000000003 0.13049999999999995 0.18799999999999994 0.3045 0.7101
elastic_transform: 0.13329999999999997 0.13190000000000002 0.19220000000000004 0.26749999999999996 0.30389999999999995
pixelate: 0.11309999999999998 0.18079999999999996 0.25170000000000003 0.4474 0.6161
jpeg_compression: 0.16200000000000003 0.21860000000000002 0.236 0.2632 0.30410000000000004
speckle_noise: 0.19099999999999995 0.34430000000000005 0.42400000000000004 0.5562 0.6582
gaussian_blur: 0.07640000000000002 0.16090000000000004 0.2956 0.46340000000000003 0.7006
spatter: 0.10140000000000005 0.15710000000000002 0.20679999999999998 0.18100000000000005 0.2723
saturate: 0.09650000000000003 0.11819999999999997 0.0796 0.10450000000000004 0.14639999999999997
