gaussian_noise: 0.1976 0.34319999999999995 0.5 0.5691999999999999 0.6361
shot_noise: 0.14529999999999998 0.21750000000000003 0.38680000000000003 0.45740000000000003 0.5801000000000001
impulse_noise: 0.12390000000000001 0.1896 0.2591 0.45409999999999995 0.6302
defocus_blur: 0.07499999999999996 0.09099999999999997 0.1543 0.26049999999999995 0.46319999999999995
glass_blur: 0.49350000000000005 0.4665 0.4303 0.5866 0.5459
motion_blur: 0.1352 0.22040000000000004 0.3177 0.3115 0.39890000000000003
zoom_blur: 0.1612 0.19669999999999999 0.25249999999999995 0.3116 0.40700000000000003
snow: 0.12529999999999997 0.2419 0.21099999999999997 0.23970000000000002 0.29810000000000003
frost: 0.11939999999999995 0.18779999999999997 0.2974 0.31689999999999996 0.4425
fog: 0.0756 0.0887 0.11419999999999997 0.1593 0.3589
brightness: 0.07169999999999999 0.07669999999999999 0.0827 0.09040000000000004 0.11229999999999996
contrast: 0.07550000000000001 0.121 0.17279999999999995 0.28680000000000005 0.6909000000000001
elastic_transform: 0.126 0.12570000000000003 0.17759999999999998 0.23570000000000002 0.2633
pixelate: 0.09930000000000005 0.15480000000000005 0.21809999999999996 0.3933 0.5877
jpeg_compression: 0.1382 0.18259999999999998 0.19789999999999996 0.21550000000000002 0.25660000000000005
speckle_noise: 0.14390000000000003 0.2499 0.31320000000000003 0.4314 0.5405
gaussian_blur: 0.07479999999999998 0.15780000000000005 0.275 0.41479999999999995 0.6387
spatter: 0.09440000000000004 0.13370000000000004 0.18669999999999998 0.14549999999999996 0.21930000000000005
saturate: 0.09219999999999995 0.10950000000000004 0.07379999999999998 0.09660000000000002 0.12290000000000001
