gaussian_noise: 0.2096 0.3671 0.5386 0.612 0.6632
shot_noise: 0.14959999999999996 0.22050000000000003 0.4062 0.48250000000000004 0.597
impulse_noise: 0.1301 0.1995 0.2822 0.4929 0.6729
defocus_blur: 0.07530000000000003 0.09260000000000002 0.14770000000000005 0.24750000000000005 0.42989999999999995
glass_blur: 0.4929 0.4706 0.4375 0.5865 0.5527
motion_blur: 0.13180000000000003 0.2247 0.3174 0.3208 0.4014
zoom_blur: 0.15769999999999995 0.19520000000000004 0.2592 0.31810000000000005 0.41590000000000005
snow: 0.12739999999999996 0.24750000000000005 0.2117 0.24650000000000005 0.29679999999999995
frost: 0.12070000000000003 0.18100000000000005 0.2864 0.3045 0.42569999999999997
fog: 0.07450000000000001 0.09119999999999995 0.11539999999999995 0.15759999999999996 0.3336
brightness: 0.07489999999999997 0.07789999999999997 0.0827 0.09309999999999996 0.12019999999999997
contrast: 0.07879999999999998 0.12490000000000001 0.1804 0.30710000000000004 0.7128
elastic_transform: 0.12480000000000002 0.12839999999999996 0.17490000000000006 0.22609999999999997 0.2508
pixelate: 0.10629999999999995 0.16659999999999997 0.21750000000000003 0.38360000000000005 0.5692999999999999
jpeg_compression: 0.14429999999999998 0.19020000000000004 0.20420000000000005 0.23160000000000003 0.2662
speckle_noise: 0.14949999999999997 0.25660000000000005 0.3187 0.43389999999999995 0.5395
gaussian_blur: 0.07579999999999998 0.15080000000000005 0.26580000000000004 0.4023 0.6113
spatter: 0.09430000000000005 0.139 0.19199999999999995 0.14449999999999996 0.20940000000000003
saturate: 0.09919999999999995 0.11870000000000003 0.08140000000000003 0.1099 0.15259999999999996
