gaussian_noise: 0.241 0.46140000000000003 0.6491 0.7148 0.7699
shot_noise: 0.16759999999999997 0.26259999999999994 0.4929 0.5805 0.6975
impulse_noise: 0.15410000000000001 0.24450000000000005 0.37150000000000005 0.6496 0.8143
defocus_blur: 0.06910000000000005 0.08689999999999998 0.1461 0.24629999999999996 0.4526
glass_blur: 0.5989 0.5640000000000001 0.5098 0.6693 0.6188
motion_blur: 0.12470000000000003 0.20579999999999998 0.30200000000000005 0.2992 0.3953
zoom_blur: 0.15090000000000003 0.18789999999999996 0.25680000000000003 0.3163 0.42479999999999996
snow: 0.121 0.24460000000000004 0.20409999999999995 0.23350000000000004 0.2965
frost: 0.12519999999999998 0.19369999999999998 0.31289999999999996 0.3428 0.4796
fog: 0.06969999999999998 0.08079999999999998 0.10060000000000002 0.13980000000000004 0.3367
brightness: 0.06910000000000005 0.07240000000000002 0.0776 0.08440000000000003 0.11129999999999995
contrast: 0.07199999999999995 0.10970000000000002 0.15790000000000004 0.25870000000000004 0.646
elastic_transform: 0.11980000000000002 0.12290000000000001 0.1764 0.23540000000000005 0.2714
pixelate: 0.09919999999999995 0.16249999999999998 0.22650000000000003 0.40580000000000005 0.5954999999999999
jpeg_compression: 0.1522 0.20450000000000002 0.22709999999999997 0.25870000000000004 0.3015
speckle_noise: 0.16349999999999998 0.2966 0.37529999999999997 0.517 0.6336999999999999
gaussian_blur: 0.06889999999999996 0.14749999999999996 0.26739999999999997 0.4113 0.6491
spatter: 0.09319999999999995 0.14059999999999995 0.18720000000000003 0.15100000000000002 0.2339
saturate: 0.08740000000000003 0.10919999999999996 0.07020000000000004 0.08760000000000001 0.12370000000000003
