gaussian_noise: 0.18910000000000005 0.3448 0.5103 0.5807 0.6405000000000001
shot_noise: 0.12860000000000005 0.19679999999999997 0.37770000000000004 0.4507 0.5673
impulse_noise: 0.15600000000000003 0.2824 0.3671 0.49729999999999996 0.626
defocus_blur: 0.05349999999999999 0.06399999999999995 0.10070000000000001 0.19410000000000005 0.42669999999999997
glass_blur: 0.42479999999999996 0.4082 0.39070000000000005 0.5332 0.5076
motion_blur: 0.09499999999999997 0.1553 0.23029999999999995 0.23319999999999996 0.3153
zoom_blur: 0.10860000000000003 0.138 0.19740000000000002 0.2562 0.37050000000000005
snow: 0.10419999999999996 0.20289999999999997 0.1713 0.19820000000000004 0.2572
frost: 0.10189999999999999 0.15290000000000004 0.24819999999999998 0.26659999999999995 0.3687
fog: 0.05669999999999997 0.06569999999999998 0.08479999999999999 0.11460000000000004 0.3105
brightness: 0.05289999999999995 0.05900000000000005 0.06259999999999999 0.07440000000000002 0.09840000000000004
contrast: 0.05889999999999995 0.08660000000000001 0.11770000000000003 0.19279999999999997 0.5831
elastic_transform: 0.09440000000000004 0.09319999999999995 0.13260000000000005 0.20440000000000003 0.25229999999999997
pixelate: 0.08120000000000005 0.14770000000000005 0.2087 0.42190000000000005 0.6172
jpeg_compression: 0.12570000000000003 0.17930000000000001 0.19879999999999998 0.22899999999999998 0.2653
speckle_noise: 0.12960000000000005 0.23839999999999995 0.29869999999999997 0.4154 0.5205
gaussian_blur: 0.053200000000000025 0.1028 0.19930000000000003 0.3577 0.6569
spatter: 0.07899999999999996 0.13790000000000002 0.17889999999999995 0.1512 0.25949999999999995
saturate: 0.07740000000000002 0.09870000000000001 0.05489999999999995 0.07569999999999999 0.10750000000000004
