gaussian_noise: 0.2954 0.49529999999999996 0.6445000000000001 0.6966 0.7388
shot_noise: 0.19469999999999998 0.2992 0.52 0.5919 0.6815
impulse_noise: 0.17979999999999996 0.28259999999999996 0.3669 0.55 0.7149
defocus_blur: 0.0797 0.09940000000000004 0.1582 0.2621 0.47230000000000005
glass_blur: 0.5797 0.5541 0.5254 0.6515 0.6304000000000001
motion_blur: 0.14529999999999998 0.24129999999999996 0.35109999999999997 0.3466 0.4468
zoom_blur: 0.1643 0.19689999999999996 0.25980000000000003 0.32720000000000005 0.42869999999999997
snow: 0.1452 0.2812 0.23509999999999998 0.25539999999999996 0.33630000000000004
frost: 0.13939999999999997 0.2207 0.34419999999999995 0.3689 0.4961
fog: 0.08120000000000005 0.09740000000000004 0.123 0.1622 0.364
brightness: 0.0796 0.08360000000000001 0.09160000000000001 0.10099999999999998 0.13090000000000002
contrast: 0.08509999999999995 0.1331 0.19010000000000005 0.3297 0.7414000000000001
elastic_transform: 0.13539999999999996 0.13839999999999997 0.18830000000000002 0.24980000000000002 0.3065
pixelate: 0.11599999999999999 0.18430000000000002 0.25680000000000003 0.45709999999999995 0.6024
jpeg_compression: 0.16979999999999995 0.22299999999999998 0.24250000000000005 0.262 0.2931
speckle_noise: 0.18410000000000004 0.32320000000000004 0.40480000000000005 0.5276000000000001 0.6272
gaussian_blur: 0.07989999999999997 0.16100000000000003 0.273 0.41790000000000005 0.634
spatter: 0.10670000000000002 0.16769999999999996 0.20940000000000003 0.18810000000000004 0.2794
saturate: 0.10129999999999995 0.12649999999999995 0.08379999999999999 0.11040000000000005 0.15380000000000005
