gaussian_noise: 0.2429 0.3982 0.5530999999999999 0.62 0.6809000000000001
shot_noise: 0.17149999999999999 0.252 0.43720000000000003 0.5117 0.6266
impulse_noise: 0.14400000000000002 0.21699999999999997 0.3004 0.5085999999999999 0.6899
defocus_blur: 0.08640000000000003 0.10289999999999999 0.1663 0.2682 0.4911
glass_blur: 0.5833999999999999 0.5565 0.5193 0.6503 0.6183000000000001
motion_blur: 0.15069999999999995 0.2379 0.33240000000000003 0.33030000000000004 0.4236
zoom_blur: 0.17710000000000004 0.21850000000000003 0.28779999999999994 0.348 0.4525
snow: 0.1531 0.28600000000000003 0.241 0.26980000000000004 0.3294
frost: 0.14370000000000005 0.21850000000000003 0.34330000000000005 0.36240000000000006 0.49639999999999995
fog: 0.08689999999999998 0.10399999999999998 0.13039999999999996 0.17469999999999997 0.383
brightness: 0.08589999999999998 0.09089999999999998 0.09840000000000004 0.10740000000000005 0.13429999999999997
contrast: 0.09240000000000004 0.14190000000000003 0.19820000000000004 0.33499999999999996 0.7574
elastic_transform: 0.1402 0.14 0.1935 0.26049999999999995 0.2985
pixelate: 0.11699999999999999 0.18789999999999996 0.2512 0.4526 0.6262
jpeg_compression: 0.15380000000000005 0.20030000000000003 0.22150000000000003 0.2481 0.2844
speckle_noise: 0.17759999999999998 0.29169999999999996 0.35140000000000005 0.4769 0.5797
gaussian_blur: 0.08640000000000003 0.1693 0.29069999999999996 0.4417 0.6738
spatter: 0.11129999999999995 0.16180000000000005 0.2156 0.1664 0.23729999999999996
saturate: 0.10809999999999997 0.1279 0.09079999999999999 0.11080000000000001 0.1472
