gaussian_noise: 0.17120000000000002 0.33520000000000005 0.514 0.5898 0.6551
shot_noise: 0.11499999999999999 0.18200000000000005 0.37629999999999997 0.4537 0.5775
impulse_noise: 0.12829999999999997 0.22260000000000002 0.2882 0.45620000000000005 0.6254
defocus_blur: 0.04720000000000002 0.05610000000000004 0.08989999999999998 0.17210000000000003 0.39680000000000004
glass_blur: 0.38070000000000004 0.36439999999999995 0.35529999999999995 0.4929 0.4696
motion_blur: 0.08289999999999997 0.14290000000000003 0.21619999999999995 0.21530000000000005 0.29590000000000005
zoom_blur: 0.10429999999999995 0.123 0.1763 0.23009999999999997 0.34199999999999997
snow: 0.0917 0.17049999999999998 0.14759999999999995 0.17049999999999998 0.21650000000000003
frost: 0.08520000000000005 0.126 0.21240000000000003 0.23060000000000003 0.3245
fog: 0.048699999999999966 0.05740000000000001 0.07450000000000001 0.1038 0.27359999999999995
brightness: 0.045599999999999974 0.051000000000000045 0.05389999999999995 0.060799999999999965 0.08009999999999995
contrast: 0.051899999999999946 0.07369999999999999 0.10150000000000003 0.1674 0.5149
elastic_transform: 0.08750000000000002 0.08760000000000001 0.12229999999999996 0.19940000000000002 0.24409999999999998
pixelate: 0.06399999999999995 0.11329999999999996 0.1683 0.3792 0.5708
jpeg_compression: 0.11229999999999996 0.15910000000000002 0.17789999999999995 0.2046 0.2399
speckle_noise: 0.11140000000000005 0.21489999999999998 0.2822 0.4085 0.5177
gaussian_blur: 0.04720000000000002 0.09160000000000001 0.17410000000000003 0.32320000000000004 0.6572
spatter: 0.06720000000000004 0.10860000000000003 0.15649999999999997 0.12419999999999998 0.2106
saturate: 0.06789999999999996 0.08530000000000004 0.0514 0.06810000000000005 0.09689999999999999
