gaussian_noise: 0.2066 0.36839999999999995 0.5468 0.6175999999999999 0.6823
shot_noise: 0.14370000000000005 0.21750000000000003 0.4202 0.49960000000000004 0.6247
impulse_noise: 0.1259 0.1926 0.27559999999999996 0.495 0.6861999999999999
defocus_blur: 0.0685 0.08750000000000002 0.14370000000000005 0.24770000000000003 0.4648
glass_blur: 0.5465 0.521 0.483 0.623 0.5882000000000001
motion_blur: 0.1261 0.20899999999999996 0.30820000000000003 0.3034 0.39459999999999995
zoom_blur: 0.15400000000000003 0.1876 0.24519999999999997 0.3045 0.4032
snow: 0.1361 0.26549999999999996 0.22230000000000005 0.25 0.30910000000000004
frost: 0.11560000000000004 0.17869999999999997 0.28900000000000003 0.3143 0.43700000000000006
fog: 0.07299999999999995 0.08819999999999995 0.11029999999999995 0.14939999999999998 0.32820000000000005
brightness: 0.0716 0.07689999999999997 0.0807 0.08830000000000005 0.10929999999999995
contrast: 0.07679999999999998 0.11780000000000002 0.16749999999999998 0.2855 0.71
elastic_transform: 0.12280000000000002 0.1261 0.17159999999999997 0.2409 0.27790000000000004
pixelate: 0.10089999999999999 0.15859999999999996 0.2117 0.39559999999999995 0.5826
jpeg_compression: 0.14129999999999998 0.1855 0.20499999999999996 0.23119999999999996 0.2591
speckle_noise: 0.1461 0.25849999999999995 0.3277 0.4557 0.5828
gaussian_blur: 0.0686 0.14659999999999995 0.257 0.3913 0.6332
spatter: 0.09450000000000003 0.14239999999999997 0.20040000000000002 0.1572 0.23529999999999995
saturate: 0.09009999999999996 0.10360000000000003 0.07430000000000003 0.09499999999999997 0.1271
