gaussian_noise: 0.2891 0.4909 0.631 0.685 0.7135
shot_noise: 0.18179999999999996 0.2963 0.5058 0.5667 0.6497999999999999
impulse_noise: 0.16190000000000004 0.2924 0.3943 0.5425 0.6444
defocus_blur: 0.049000000000000044 0.06169999999999998 0.1089 0.22009999999999996 0.41800000000000004
glass_blur: 0.39549999999999996 0.38339999999999996 0.36960000000000004 0.5091 0.48819999999999997
motion_blur: 0.09460000000000002 0.15839999999999999 0.23650000000000004 0.23629999999999995 0.3186
zoom_blur: 0.11450000000000005 0.1461 0.21399999999999997 0.279 0.3932
snow: 0.09230000000000005 0.17989999999999995 0.1511 0.18130000000000002 0.23909999999999998
frost: 0.09950000000000003 0.15900000000000003 0.2509 0.2792 0.38070000000000004
fog: 0.0494 0.06220000000000003 0.08109999999999995 0.12360000000000004 0.33930000000000005
brightness: 0.051000000000000045 0.05349999999999999 0.05940000000000001 0.06669999999999998 0.08440000000000003
contrast: 0.054300000000000015 0.08540000000000003 0.12209999999999999 0.2016 0.5182
elastic_transform: 0.09530000000000005 0.09609999999999996 0.14090000000000003 0.2227 0.26680000000000004
pixelate: 0.07879999999999998 0.1532 0.22650000000000003 0.44720000000000004 0.6308
jpeg_compression: 0.14359999999999995 0.21240000000000003 0.2348 0.26639999999999997 0.3066
speckle_noise: 0.17220000000000002 0.31579999999999997 0.3833 0.4949 0.591
gaussian_blur: 0.04910000000000003 0.11129999999999995 0.22089999999999999 0.39049999999999996 0.657
spatter: 0.07250000000000001 0.12009999999999998 0.17269999999999996 0.14159999999999995 0.24080000000000001
saturate: 0.07110000000000005 0.10019999999999996 0.05259999999999998 0.07620000000000005 0.11260000000000003
