gaussian_noise: 0.24209999999999998 0.4587 0.6538999999999999 0.7255 0.7765
shot_noise: 0.1461 0.2508 0.49139999999999995 0.5788 0.7049000000000001
impulse_noise: 0.18220000000000003 0.3588 0.47640000000000005 0.6135999999999999 0.7116
defocus_blur: 0.04259999999999997 0.052000000000000046 0.09219999999999995 0.20540000000000003 0.45230000000000004
glass_blur: 0.382 0.37250000000000005 0.3589 0.49129999999999996 0.47350000000000003
motion_blur: 0.08320000000000005 0.14149999999999996 0.21319999999999995 0.21499999999999997 0.29079999999999995
zoom_blur: 0.1018 0.13180000000000003 0.2007 0.2772 0.41259999999999997
snow: 0.07799999999999996 0.1522 0.12890000000000001 0.15159999999999996 0.19640000000000002
frost: 0.08279999999999998 0.127 0.20799999999999996 0.2248 0.31410000000000005
fog: 0.04149999999999998 0.05069999999999997 0.06320000000000003 0.08850000000000002 0.25839999999999996
brightness: 0.04159999999999997 0.04610000000000003 0.051100000000000034 0.05700000000000005 0.0766
contrast: 0.04420000000000002 0.0685 0.09560000000000002 0.14749999999999996 0.44410000000000005
elastic_transform: 0.0786 0.08489999999999998 0.12319999999999998 0.20199999999999996 0.24250000000000005
pixelate: 0.06120000000000003 0.11460000000000004 0.17379999999999995 0.387 0.5923
jpeg_compression: 0.12990000000000002 0.19240000000000002 0.2117 0.244 0.2921
speckle_noise: 0.14049999999999996 0.28390000000000004 0.3601 0.5037 0.6139
gaussian_blur: 0.04269999999999996 0.09299999999999997 0.21899999999999997 0.45309999999999995 0.7646999999999999
spatter: 0.06389999999999996 0.11560000000000004 0.15459999999999996 0.09870000000000001 0.17500000000000004
saturate: 0.06040000000000001 0.08679999999999999 0.04679999999999995 0.06640000000000001 0.09489999999999998
