gaussian_noise: 0.384 0.6462 0.7682 0.7987 0.8227
shot_noise: 0.24029999999999996 0.3992 0.6526000000000001 0.7121 0.7819
impulse_noise: 0.22850000000000004 0.38739999999999997 0.4928 0.6531 0.7919
defocus_blur: 0.06630000000000003 0.08609999999999995 0.14629999999999999 0.2521 0.5165
glass_blur: 0.4366 0.4125 0.4062 0.5352 0.503
motion_blur: 0.12770000000000004 0.21719999999999995 0.3165 0.31020000000000003 0.393
zoom_blur: 0.15539999999999998 0.1985 0.27659999999999996 0.3581 0.48629999999999995
snow: 0.12309999999999999 0.23070000000000002 0.19169999999999998 0.22819999999999996 0.3054
frost: 0.13980000000000004 0.2047 0.3103 0.3315 0.43110000000000004
fog: 0.06699999999999995 0.08640000000000003 0.11329999999999996 0.1634 0.40900000000000003
brightness: 0.06659999999999999 0.07299999999999995 0.08109999999999995 0.09250000000000003 0.12060000000000004
contrast: 0.0726 0.11560000000000004 0.16169999999999995 0.26160000000000005 0.6279
elastic_transform: 0.12290000000000001 0.12870000000000004 0.17820000000000003 0.24970000000000003 0.29090000000000005
pixelate: 0.09530000000000005 0.1754 0.249 0.47209999999999996 0.6402
jpeg_compression: 0.17830000000000001 0.235 0.2579 0.28190000000000004 0.3264
speckle_noise: 0.22950000000000004 0.4212 0.5067999999999999 0.6383 0.7267
gaussian_blur: 0.06710000000000005 0.14859999999999995 0.2962 0.5065999999999999 0.7421
spatter: 0.0947 0.16310000000000002 0.20920000000000005 0.19089999999999996 0.3014
saturate: 0.09870000000000001 0.13660000000000005 0.07340000000000002 0.1139 0.16990000000000005
