gaussian_noise: 0.2518 0.45030000000000003 0.6195999999999999 0.6779 0.7256
shot_noise: 0.16679999999999995 0.2682 0.48009999999999997 0.5635 0.6678
impulse_noise: 0.1543 0.24950000000000006 0.33420000000000005 0.5193 0.6825
defocus_blur: 0.07130000000000003 0.08660000000000001 0.14549999999999996 0.2682 0.47130000000000005
glass_blur: 0.5687 0.5453 0.5019 0.6461 0.6081
motion_blur: 0.13280000000000003 0.22360000000000002 0.3226 0.32389999999999997 0.4143
zoom_blur: 0.15569999999999995 0.19310000000000005 0.26580000000000004 0.33699999999999997 0.4515
snow: 0.13090000000000002 0.26239999999999997 0.21540000000000004 0.24009999999999998 0.3012
frost: 0.12419999999999998 0.18630000000000002 0.30189999999999995 0.3296 0.45909999999999995
fog: 0.07410000000000005 0.0857 0.1078 0.14680000000000004 0.3347
brightness: 0.07079999999999997 0.07609999999999995 0.08050000000000002 0.09040000000000004 0.11350000000000005
contrast: 0.07709999999999995 0.11670000000000003 0.16200000000000003 0.27569999999999995 0.6732
elastic_transform: 0.12639999999999996 0.12619999999999998 0.17520000000000002 0.24729999999999996 0.29779999999999995
pixelate: 0.10119999999999996 0.16569999999999996 0.2348 0.4242 0.5857
jpeg_compression: 0.1563 0.21109999999999995 0.22850000000000004 0.2542 0.28559999999999997
speckle_noise: 0.16379999999999995 0.30289999999999995 0.38 0.5046999999999999 0.6094999999999999
gaussian_blur: 0.07140000000000002 0.14759999999999995 0.29069999999999996 0.45330000000000004 0.6787000000000001
spatter: 0.0948 0.13990000000000002 0.19379999999999997 0.1644 0.25049999999999994
saturate: 0.08850000000000002 0.1099 0.07469999999999999 0.0938 0.13019999999999998
