gaussian_noise: 0.24139999999999995 0.4242 0.5820000000000001 0.638 0.6847
shot_noise: 0.1735 0.2672 0.4759 0.5421 0.6328
impulse_noise: 0.17020000000000002 0.2821 0.347 0.47750000000000004 0.6031
defocus_blur: 0.07489999999999997 0.0937 0.15790000000000004 0.26570000000000005 0.5091
glass_blur: 0.4971 0.4729 0.45620000000000005 0.5892 0.5657
motion_blur: 0.14070000000000005 0.23309999999999997 0.3385 0.34230000000000005 0.4276
zoom_blur: 0.16690000000000005 0.2026 0.2784 0.3425 0.4504
snow: 0.139 0.275 0.23150000000000004 0.25460000000000005 0.3377
frost: 0.13370000000000004 0.20430000000000004 0.32389999999999997 0.3536 0.4767
fog: 0.07679999999999998 0.09589999999999999 0.1251 0.18369999999999997 0.43179999999999996
brightness: 0.07369999999999999 0.07909999999999995 0.08630000000000004 0.09640000000000004 0.12170000000000003
contrast: 0.08189999999999997 0.127 0.18410000000000004 0.3096 0.7333000000000001
elastic_transform: 0.13360000000000005 0.14349999999999996 0.19089999999999996 0.281 0.3237
pixelate: 0.10150000000000003 0.16969999999999996 0.2328 0.4548 0.6384000000000001
jpeg_compression: 0.1521 0.20399999999999996 0.2298 0.25949999999999995 0.29400000000000004
speckle_noise: 0.17659999999999998 0.31289999999999996 0.381 0.4999 0.5885
gaussian_blur: 0.07469999999999999 0.15890000000000004 0.2815 0.42710000000000004 0.6409
spatter: 0.10929999999999995 0.17879999999999996 0.2268 0.1764 0.27249999999999996
saturate: 0.10640000000000005 0.1311 0.07630000000000003 0.10770000000000002 0.14900000000000002
